-2.676771545410156250e+02 -3.352598571777343750e+02 -4.871871643066406250e+02 -4.871871643066406250e+02 -3.067904663085937500e+02 -1.830666351318359375e+02 -1.474718170166015625e+02 -1.505863952636718750e+02 -1.550204772949218750e+02 -1.589134674072265625e+02 -1.690368041992187500e+02 -1.740199890136718750e+02 -1.712633972167968750e+02 -1.656653289794921875e+02 -1.622388610839843750e+02 -1.489374847412109375e+02 -1.381557922363281250e+02 -1.412270355224609375e+02
-9.967029571533203125e+00 -9.214389801025390625e+00 9.995030403137207031e+00 9.995039939880371094e+00 1.062143859863281250e+02 1.092014007568359375e+02 1.093938827514648438e+02 1.076893844604492188e+02 1.112991943359375000e+02 1.101648101806640625e+02 1.067376937866210938e+02 1.041149444580078125e+02 1.022830047607421875e+02 1.084788208007812500e+02 9.683969116210937500e+01 7.031451416015625000e+01 6.296466827392578125e+01 6.188616943359375000e+01
2.048309326171875000e+01 2.123583221435546875e+01 9.992772102355957031e+00 9.992781639099121094e+00 2.171327829360961914e+00 -4.415806770324707031e+00 -4.633065223693847656e+00 -5.967799425125122070e-01 1.341239213943481445e+00 4.753190577030181885e-01 1.042658209800720215e+00 6.032097339630126953e-01 -4.750229835510253906e+00 -1.916296958923339844e+00 2.616721153259277344e+00 8.574094772338867188e+00 1.049504280090332031e+01 7.018488883972167969e+00
-1.567086219787597656e+00 -8.145053386688232422e-01 9.989009857177734375e+00 9.989019393920898438e+00 2.189973831176757812e+01 2.751157951354980469e+01 2.634699440002441406e+01 2.653400993347167969e+01 2.404241943359375000e+01 2.420136642456054688e+01 2.190319252014160156e+01 2.169578552246093750e+01 2.020693588256835938e+01 2.720501518249511719e+01 2.877013397216796875e+01 1.859020614624023438e+01 1.364273357391357422e+01 1.263955688476562500e+01
1.470281600952148438e+01 1.545475196838378906e+01 9.983742713928222656e+00 9.983752250671386719e+00 1.010704231262207031e+01 7.809195995330810547e+00 1.118431282043457031e+01 1.283299541473388672e+01 1.240081882476806641e+01 1.573514652252197266e+01 1.698954391479492188e+01 1.662707519531250000e+01 1.771233749389648438e+01 2.417241477966308594e+01 2.260861968994140625e+01 1.812571716308593750e+01 7.865331172943115234e+00 1.025443196296691895e+00
2.156823158264160156e+00 2.908240318298339844e+00 9.976971626281738281e+00 9.976981163024902344e+00 5.291630268096923828e+00 5.229421138763427734e+00 6.691326141357421875e+00 7.744640350341796875e+00 6.034059524536132812e+00 7.311388969421386719e+00 1.137359523773193359e+01 8.620813369750976562e+00 7.566394329071044922e+00 1.153184700012207031e+01 1.204886436462402344e+01 9.332115173339843750e+00 7.917311668395996094e+00 7.324493885040283203e+00
1.223626327514648438e+01 1.298748207092285156e+01 9.968698501586914062e+00 9.968708038330078125e+00 8.331356048583984375e+00 2.973982334136962891e+00 1.381302356719970703e+00 2.696366310119628906e+00 5.517033576965332031e+00 8.234803199768066406e+00 1.145830535888671875e+01 8.014712333679199219e+00 8.378665924072265625e+00 9.006528854370117188e+00 7.218781948089599609e+00 4.334868907928466797e+00 2.412123680114746094e+00 1.995557785034179688e+00
3.860294818878173828e+00 4.610119819641113281e+00 9.958924293518066406e+00 9.958933830261230469e+00 1.477170372009277344e+01 1.187779808044433594e+01 9.268648147583007812e+00 9.070169448852539062e+00 9.374900817871093750e+00 1.139856052398681641e+01 1.263495159149169922e+01 7.101227760314941406e+00 6.903247833251953125e+00 1.098190975189208984e+01 1.223035907745361328e+01 1.334360313415527344e+01 1.223935508728027344e+01 7.839805603027343750e+00
1.098347854614257812e+01 1.173297977447509766e+01 9.947651863098144531e+00 9.947659492492675781e+00 6.886233329772949219e+00 5.294852733612060547e+00 2.591015338897705078e+00 1.186004996299743652e+00 -1.149130105972290039e+00 -5.579293370246887207e-01 3.307757139205932617e+00 4.254474639892578125e+00 4.495505809783935547e+00 2.503962278366088867e+00 3.352488994598388672e+00 -1.405600786209106445e+00 -5.590751647949218750e+00 -8.258729934692382812e+00
4.769524574279785156e+00 5.517929553985595703e+00 9.934878349304199219e+00 9.934887886047363281e+00 9.942680358886718750e+00 6.238313674926757812e+00 6.068219184875488281e+00 1.184446907043457031e+01 1.386639213562011719e+01 1.507343864440917969e+01 1.446677589416503906e+01 1.550559425354003906e+01 1.360697364807128906e+01 1.213570880889892578e+01 1.864436340332031250e+01 1.550635528564453125e+01 1.061189079284667969e+01 1.115145301818847656e+01
1.023388481140136719e+01 1.098102569580078125e+01 9.920610427856445312e+00 9.920619964599609375e+00 7.585939407348632812e+00 -1.879669427871704102e+00 -9.553701400756835938e+00 -9.037468910217285156e+00 -5.218934059143066406e+00 -6.392439842224121094e+00 -6.038453578948974609e+00 -1.021647214889526367e+00 -4.301542282104492188e+00 -6.548417568206787109e+00 -1.033427238464355469e+01 -1.081903362274169922e+01 -1.113757324218750000e+01 -1.295537376403808594e+01
5.338490486145019531e+00 6.084611892700195312e+00 9.904848098754882812e+00 9.904857635498046875e+00 5.781841278076171875e+00 4.943365097045898438e+00 6.276750564575195312e-01 -3.471439838409423828e+00 -2.283941745758056641e+00 2.087790369987487793e-01 3.555344343185424805e+00 1.251265430450439453e+01 1.251985931396484375e+01 1.379935741424560547e+01 9.440010070800781250e+00 6.826385498046875000e+00 4.111306667327880859e+00 -9.547377824783325195e-01
9.707253456115722656e+00 1.045225334167480469e+01 9.887593269348144531e+00 9.887602806091308594e+00 6.667471408843994141e+00 7.642470002174377441e-01 -4.952023506164550781e+00 -5.399877071380615234e+00 -6.699959278106689453e+00 -7.816997528076171875e+00 -6.330280303955078125e+00 -4.103529453277587891e+00 -2.696755409240722656e+00 3.147536516189575195e+00 -1.405958980321884155e-01 -4.835897445678710938e+00 -7.063566207885742188e+00 -1.040269851684570312e+01
5.735584259033203125e+00 6.478615760803222656e+00 9.868850708007812500e+00 9.868860244750976562e+00 2.450284004211425781e+00 -8.959927558898925781e-01 -7.986999154090881348e-01 1.786433935165405273e+00 3.730303287506103516e+00 2.434996128082275391e+00 4.431171119213104248e-01 2.615126132965087891e+00 -1.864900827407836914e+00 -2.399146795272827148e+00 4.775299549102783203e+00 4.598486900329589844e+00 -3.179491519927978516e+00 -9.396856307983398438e+00
9.325410842895507812e+00 1.006758499145507812e+01 9.848621368408203125e+00 9.848630905151367188e+00 5.920056819915771484e+00 3.171652555465698242e+00 3.636030197143554688e+00 2.198495149612426758e+00 3.287581920623779297e+00 2.292015075683593750e+00 -2.642038822174072266e+00 -1.340746283531188965e-01 8.834297657012939453e-01 2.819743156433105469e+00 5.003714561462402344e-01 4.433117866516113281e+00 1.537132978439331055e+00 8.302783370018005371e-01
5.999806880950927734e+00 6.739931106567382812e+00 9.826909065246582031e+00 9.826918601989746094e+00 -1.048559379577636719e+01 -1.113649082183837891e+01 -7.659769058227539062e+00 -3.850200176239013672e+00 -9.315954446792602539e-01 -2.193681716918945312e+00 -5.119451522827148438e+00 -3.201408147811889648e+00 -3.045038223266601562e+00 -1.391453385353088379e+00 3.466585159301757812e+00 5.145299434661865234e+00 7.418479919433593750e+00 9.790046691894531250e+00
9.031320571899414062e+00 9.769727706909179688e+00 9.803714752197265625e+00 9.803729057312011719e+00 -4.722399115562438965e-01 -1.746540665626525879e+00 -6.217744827270507812e+00 -5.603240489959716797e+00 -1.750052690505981445e+00 -1.898528337478637695e-01 5.707131624221801758e-01 -9.335639476776123047e-01 -3.078641653060913086e+00 1.286641597747802734e+00 6.372577667236328125e+00 4.106491088867187500e+00 2.070471286773681641e+00 1.934316277503967285e+00
6.195796966552734375e+00 6.932529926300048828e+00 9.779047966003417969e+00 9.779057502746582031e+00 9.359030723571777344e+00 1.921028971672058105e+00 -4.368678092956542969e+00 -9.368239641189575195e-01 2.858017444610595703e+00 4.828885078430175781e+00 4.082352638244628906e+00 2.026162624359130859e+00 -1.299188613891601562e+00 -7.098340392112731934e-01 3.916626453399658203e+00 7.554574012756347656e+00 5.599314689636230469e+00 2.115102052688598633e+00
8.776730537414550781e+00 9.511463165283203125e+00 9.752906799316406250e+00 9.752915382385253906e+00 1.197922611236572266e+01 2.977442264556884766e+00 -5.513017654418945312e+00 -3.244884729385375977e+00 8.378175497055053711e-01 3.659198284149169922e+00 5.549485683441162109e+00 2.247316598892211914e+00 1.060983180999755859e+00 1.454507350921630859e+00 4.814155101776123047e-01 5.252379179000854492e-01 1.505639314651489258e+00 -8.224458098411560059e-01
6.360534191131591797e+00 7.092827796936035156e+00 9.725296974182128906e+00 9.725305557250976562e+00 1.004527568817138672e+01 8.284527778625488281e+00 9.003456115722656250e+00 1.062423038482666016e+01 1.101759338378906250e+01 8.963207244873046875e+00 1.106139469146728516e+01 1.099121665954589844e+01 8.129327774047851562e+00 6.626355171203613281e+00 8.023554801940917969e+00 6.505546569824218750e+00 7.289794921875000000e+00 7.909871101379394531e+00
8.545534133911132812e+00 9.276281356811523438e+00 9.696222305297851562e+00 9.696230888366699219e+00 1.127639961242675781e+01 6.220084190368652344e+00 5.394953727722167969e+00 1.970126628875732422e+00 2.800315618515014648e+00 7.579738140106201172e+00 4.463756084442138672e+00 3.551104545593261719e+00 5.215407371520996094e+00 3.166850328445434570e+00 4.795047283172607422e+00 6.283235073089599609e+00 9.094676971435546875e+00 9.398654937744140625e+00
6.472202777862548828e+00 7.200033187866210938e+00 9.665686607360839844e+00 9.665696144104003906e+00 1.440223884582519531e+01 1.495964622497558594e+01 1.257342147827148438e+01 7.247570991516113281e+00 7.951249122619628906e+00 5.230052947998046875e+00 -2.402608990669250488e-01 9.427680969238281250e-01 5.398004531860351562e+00 2.386013269424438477e+00 6.800048351287841797e+00 6.453217506408691406e+00 8.157550811767578125e+00 1.106966781616210938e+01
8.357039451599121094e+00 9.082742691040039062e+00 9.633696556091308594e+00 9.633705139160156250e+00 2.037300586700439453e+00 2.677422165870666504e-01 -1.895769685506820679e-02 -3.803586065769195557e-01 2.723300457000732422e+00 -2.631237030029296875e+00 -3.713443517684936523e+00 -3.846737146377563477e+00 2.204303741455078125e-01 -5.412507057189941406e-02 -1.439354181289672852e+00 -5.726356506347656250e+00 -1.304677128791809082e-02 3.856604337692260742e+00
6.549407005310058594e+00 7.272680282592773438e+00 9.600255012512207031e+00 9.600263595581054688e+00 3.690905094146728516e+00 1.855548620223999023e+00 2.338807106018066406e+00 3.578636646270751953e+00 6.302615165710449219e+00 5.219249725341796875e+00 4.922296524047851562e+00 5.239351749420166016e+00 5.223887920379638672e+00 6.132661819458007812e+00 7.106365203857421875e+00 3.817719936370849609e+00 3.609986782073974609e+00 2.163868665695190430e+00
8.180073738098144531e+00 8.900531768798828125e+00 9.565369606018066406e+00 9.565377235412597656e+00 -7.728159427642822266e-01 -1.731025934219360352e+00 9.925411939620971680e-01 2.856139540672302246e-01 6.703388690948486328e-01 2.281099796295166016e+00 3.023818492889404297e+00 5.887020111083984375e+00 8.414516448974609375e+00 5.853106498718261719e+00 3.699463844299316406e+00 4.929227828979492188e+00 4.496842384338378906e+00 3.716308355331420898e+00
6.620895385742187500e+00 7.338523864746093750e+00 9.529040336608886719e+00 9.529048919677734375e+00 9.945338249206542969e+00 1.021936035156250000e+01 1.043077659606933594e+01 4.663219451904296875e+00 2.315708160400390625e+00 7.815986156463623047e+00 1.164867591857910156e+01 8.868184089660644531e+00 6.119125366210937500e+00 4.337151050567626953e+00 5.453189849853515625e+00 7.379298686981201172e+00 7.565596103668212891e+00 9.501699447631835938e+00
8.002474784851074219e+00 8.717721939086914062e+00 9.491277694702148438e+00 9.491286277770996094e+00 1.033344841003417969e+01 4.673077583312988281e+00 3.082764148712158203e+00 2.102512121200561523e-01 -6.044960021972656250e-01 8.820453882217407227e-01 3.916546821594238281e+00 3.259689807891845703e+00 4.478428840637207031e+00 4.498147964477539062e+00 3.247801542282104492e+00 4.415924549102783203e-01 1.577150583267211914e+00 3.919162034988403320e+00
6.670713424682617188e+00 7.382384300231933594e+00 9.452085494995117188e+00 9.452094078063964844e+00 9.634342193603515625e+00 7.426843643188476562e+00 7.119504928588867188e+00 5.717473030090332031e+00 2.752583265304565430e+00 4.525132179260253906e+00 5.725328445434570312e+00 5.866006851196289062e+00 9.756600379943847656e+00 1.063942909240722656e+01 8.097993850708007812e+00 9.801925659179687500e+00 1.337770652770996094e+01 1.197023677825927734e+01
7.842097282409667969e+00 8.551183700561523438e+00 9.411469459533691406e+00 9.411478996276855469e+00 2.146228551864624023e+00 2.038215398788452148e-01 -3.803706169128417969e-01 6.047677993774414062e-01 1.478617906570434570e+00 3.692188262939453125e+00 6.775778532028198242e-01 1.704148054122924805e+00 7.719893455505371094e+00 8.083463668823242188e+00 2.908187389373779297e+00 -1.599611401557922363e+00 8.031492233276367188e-01 3.481934309005737305e+00
6.686028957366943359e+00 7.391859054565429688e+00 9.369437217712402344e+00 9.369445800781250000e+00 1.206054091453552246e+00 3.971805334091186523e+00 2.456696987152099609e+00 1.681364059448242188e+00 -2.188822746276855469e+00 4.193527400493621826e-01 1.667301416397094727e+00 2.989542484283447266e+00 8.532082557678222656e+00 4.614165782928466797e+00 -1.217225313186645508e+00 -2.680671215057373047e-01 7.842350006103515625e-01 9.778065681457519531e-01
7.698647975921630859e+00 8.401008605957031250e+00 9.325993537902832031e+00 9.326002120971679688e+00 2.485876083374023438e+00 8.489612579345703125e+00 1.155562591552734375e+01 6.055547714233398438e+00 -1.412419438362121582e+00 -1.557020545005798340e+00 -1.834883451461791992e+00 -4.787094593048095703e-01 1.358590126037597656e-01 -2.350731134414672852e+00 -3.512513637542724609e+00 -1.607805967330932617e+00 -1.838629484176635742e+00 -4.211800694465637207e-01
6.706178665161132812e+00 7.405274868011474609e+00 9.281145095825195312e+00 9.281153678894042969e+00 3.740184545516967773e+00 1.333573818206787109e+01 1.727800750732421875e+01 1.433244514465332031e+01 7.982587337493896484e+00 6.753006458282470703e+00 7.827523231506347656e+00 1.070871353149414062e+01 9.792432785034179688e+00 4.726197242736816406e+00 2.102545022964477539e+00 5.003720760345458984e+00 4.826471805572509766e+00 5.075600624084472656e+00
7.544941902160644531e+00 8.240749359130859375e+00 9.234889984130859375e+00 9.234918594360351562e+00 7.502607822418212891e+00 7.392949581146240234e+00 5.652350425720214844e+00 1.579069256782531738e+00 -4.303892135620117188e+00 -5.937810897827148438e+00 -4.550336837768554688e+00 -3.969242572784423828e-01 4.248246192932128906e+00 -1.229435801506042480e+00 -1.192264199256896973e+00 3.160892248153686523e+00 3.004431486129760742e+00 1.325876116752624512e+00
6.714146614074707031e+00 7.405918598175048828e+00 9.187262535095214844e+00 9.187271118164062500e+00 6.609090805053710938e+00 1.045830631256103516e+01 1.061908245086669922e+01 2.868142843246459961e+00 -1.035394787788391113e+00 -1.140635490417480469e+00 7.677143812179565430e-01 1.219859719276428223e+00 5.471444129943847656e+00 7.624308586120605469e+00 4.744049549102783203e+00 1.899898171424865723e+00 2.057692050933837891e+00 3.905463695526123047e+00
7.387120246887207031e+00 8.075728416442871094e+00 9.138241767883300781e+00 9.138250350952148438e+00 -1.366394042968750000e+00 -2.911590933799743652e-01 5.968689918518066406e-03 -2.059390544891357422e+00 -1.623518228530883789e+00 -4.360795021057128906e+00 -7.609893321990966797e+00 -5.366430282592773438e+00 -4.975383758544921875e+00 3.463525772094726562e+00 3.701751232147216797e+00 9.789718389511108398e-01 -2.427620589733123779e-01 -1.244160652160644531e+00
6.694712638854980469e+00 7.379232406616210938e+00 9.087845802307128906e+00 9.087854385375976562e+00 -1.956006288528442383e-01 2.578402996063232422e+00 6.206938743591308594e+00 6.964812278747558594e+00 6.472589969635009766e+00 6.701679229736328125e+00 4.631304740905761719e+00 3.673209190368652344e+00 1.720111489295959473e+00 6.826772689819335938e+00 4.453142166137695312e+00 4.078800678253173828e+00 5.081334114074707031e+00 5.445913314819335938e+00
7.267979145050048828e+00 7.948519706726074219e+00 9.036081314086914062e+00 9.036089897155761719e+00 8.096050262451171875e+00 6.318202018737792969e+00 8.696923255920410156e+00 4.353597164154052734e+00 2.624369859695434570e+00 5.163331031799316406e+00 6.425937175750732422e+00 7.134337425231933594e+00 4.166590213775634766e+00 -2.159919142723083496e-01 6.615141034126281738e-01 -1.216497898101806641e+00 -4.552489757537841797e+00 -3.487407922744750977e+00
6.675392627716064453e+00 7.352160930633544922e+00 8.982954978942871094e+00 8.982963562011718750e+00 1.088745355606079102e+00 1.759688138961791992e+00 5.685558319091796875e+00 9.158679962158203125e+00 1.014229583740234375e+01 1.112634754180908203e+01 1.122893714904785156e+01 1.139054298400878906e+01 1.278285694122314453e+01 8.522661209106445312e+00 3.709151744842529297e+00 1.360992312431335449e+00 3.168964862823486328e+00 6.498264312744140625e+00
7.114959239959716797e+00 7.787546634674072266e+00 8.928476333618164062e+00 8.928484916687011719e+00 3.227851390838623047e+00 -1.441468715667724609e+00 2.231314182281494141e+00 1.044161701202392578e+01 8.665666580200195312e+00 1.079942345619201660e+00 2.427629232406616211e+00 1.428063631057739258e+00 2.492599010467529297e+00 -2.071129322052001953e+00 -2.088977098464965820e-01 4.168793201446533203e+00 3.344770669937133789e+00 3.448323249816894531e+00
6.641605377197265625e+00 7.309767723083496094e+00 8.872653007507324219e+00 8.872661590576171875e+00 1.334037685394287109e+01 1.178577899932861328e+01 1.378603172302246094e+01 1.332478618621826172e+01 5.340161800384521484e+00 1.838238120079040527e+00 6.201753139495849609e+00 1.961452960968017578e+00 4.434481620788574219e+00 2.688601970672607422e+00 3.990581035614013672e+00 8.805549621582031250e+00 8.401016235351562500e+00 1.231986999511718750e+01
